005
458
007
882
801
323
750
771
377
485
794
559
875
252
732
770
582
474
679
760
960
150
087
163
448
746
968
988
489
125
830
440
265
690
795
365
338
686
728
445
338
782
297
967
560
687
430
442
128
056
534
231
417
616
995
000
803
759
054
845
032
840
125
792
944
312
182
160
237
380
653
193
781
790
404
753
493
867
305
579
417
143
039
383
150
425
735
090
663
495
225
208
762
064
410
352
368
456
332
597
511
557
827
375
950
465
663
493
388
629
853
756
993
329
045
644
635
955
676
743
642
507
555
686
642
822
466
574
616
631
618
581
002
328
811
146
243
694
365
191
794
316
892
359
411
444
491
727
715
414
562
773
944
231
854
354
315
417
821
262
110
991
500
755
350
373
553
131
595
504
091
902
176
907
511
660
884
361
640
065
888
446
477
538
344
554
458
880
905
542
766
657
804
875
171
906
566
343
967
158
795
412
783
100
715
866
837
228
786
385
891
648
466
632
704
568
765
109
262
585
309
444
035
560
512
887
150
860
937
268
891
777
458
892
027
673
501
997
889
487
973
259
961
680
948
294
245
183
312
376
394
472
239
397
121
867
072
141
867
122
004
612
372
332
710
079
179
328
399
740
217
618
265
579
734
341
739
308
609
664
960
200
012
996
127
313
201
509
244
656
188
528
344
665
184
790
353
550
255
728
660
382
808
098
896
348
918
402
535
207
482
660
443
196
134
430
162
177
968
965
732
803
695
246
917
234
329
549
753
141
626
261
571
553
861
610
212
408
979
834
005
577
256
957
714
556
996
645
552
352
193
312
133
117
242
728
510
531
915
369
559
843
644
821
031
821
928
832
307
339
470
737
999
627
315
034
133
078
168
092
202
176
551
730
055
008
354
970
372
088
207
709
177
187
492
253
155
962
631
880
524
556
947
172
152
862
488
498
102
195
597
481
237
278
626
654
313
327
466
652
853
492
576
136
510
333
666
280
867
594
995
295
334
974
869
222
993
763
111
480
820
477
627
482
607
528
607
254
921
362