260
989
993
106
218
692
745
415
097
333
105
818
424
991
998
586
584
053
021
957
403
911
645
979
105
197
715
646
024
244
549
868
006
615
817
316
157
690
125
469
093
548
699
342
993
906
534
904
965
641
864
263
963
710
873
246
523
115
218
476
251
560
776
354
883
280
823
236
483
728
185
218
291
506
437
671
941
604
147
391
755
334
380
964
944
035
068
837
572
203
636
289
373
020
995
552
767
690
008
773
526
588
961
616
782
530
036
245
135
570
174
717
238
800
230
824
049
373
602
276
080
772
572
999
053
643
409
776
004
132
045
120
394
751
205
855
476
874
626
027
669
731
378
010
245
188
449
582
598
050
216
498
269
277
325
611
623
839
361
996
636
113
855
619
975
193
131
590
059
979
628
080
162
372
095
602
788
455
994
301
269
384
977
628
188
343
213
529
774
298
968
739
602
611
225
020
324
437
686
462
471
556
567
754
708
741
855
267
460
845
206
516
672
513
289
110
446
936
582
126
693
997
489
856
492
880
094
291
218
659
961
258
745
255
213
450
409
394
474
374
346
381
728
337
983
720
946
569
942
620
062
362
727
000
528
010
516
930
090
458
300
517
314
302
795
453
233
181
906
486
194
203
599
929
381
860
818
027
355
981
256
001
680
464
770
429
492
596
518
025
370
988
177
450
624
387
081
083
223
198
732
619
006
841
415
909
310
732
552
399
611
838
292
840
877
500
349
798
121
783
787
188
267
361
645
786
737
916
562
449
745
040
455
792
603
583
321
416
050
618
798
951
982
796
924
838
785
473
603
859
073
409
784
805
996
289
487
111
183
134
309
824
776
464
619
540
461
020
766
428
585
801
022
874
596
947
139
512
727
454
563
871
927
700
302
708
011
580
085
937
930
323
863
685
283
037
662
345
208
480